GeoSys-OUT: Output ------------------------------------------------
#TIME_STEPPING
 $PCS_TYPE
  HEAT_TRANSPORT
 $TIME_STEPS
  10 86.4
  4 864
  1 4320
  4 8640
  1 43200
  4 86400
  1 432000
  17 864000
  10 86.4
  4 864
  1 4320
  4 8640
  1 43200
  4 86400
  1 432000
  17 864000
  10 86.4
  4 864
  1 4320
  4 8640
  1 43200
  4 86400
  1 432000
  17 864000
  10 86.4
  4 864
  1 4320
  4 8640
  1 43200
  4 86400
  1 432000
  17 864000
  10 86.4
  4 864
  1 4320
  4 8640
  1 43200
  4 86400
  1 432000
  17 864000
  10 86.4
  4 864
  1 4320
  4 8640
  1 43200
  4 86400
  1 432000
  17 864000
  10 86.4
  4 864
  1 4320
  4 8640
  1 43200
  4 86400
  1 432000
  17 864000
  10 86.4
  4 864
  1 4320
  4 8640
  1 43200
  4 86400
  1 432000
  17 864000
  10 86.4
  4 864
  1 4320
  4 8640
  1 43200
  4 86400
  1 432000
  17 864000
  10 86.4
  4 864
  1 4320
  4 8640
  1 43200
  4 86400
  1 432000
  17 864000
  10 86.4
  4 864
  1 4320
  4 8640
  1 43200
  4 86400
  1 432000
  17 864000
  10 86.4
  4 864
  1 4320
  4 8640
  1 43200
  4 86400
  1 432000
  17 864000
  10 86.4
  4 864
  1 4320
  4 8640
  1 43200
  4 86400
  1 432000
  17 864000
  10 86.4
  4 864
  1 4320
  4 8640
  1 43200
  4 86400
  1 432000
  17 864000
  10 86.4
  4 864
  1 4320
  4 8640
  1 43200
  4 86400
  1 432000
  17 864000
  10 86.4
  4 864
  1 4320
  4 8640
  1 43200
  4 86400
  1 432000
  17 864000
  10 86.4
  4 864
  1 4320
  4 8640
  1 43200
  4 86400
  1 432000
  17 864000
  10 86.4
  4 864
  1 4320
  4 8640
  1 43200
  4 86400
  1 432000
  17 864000
  10 86.4
  4 864
  1 4320
  4 8640
  1 43200
  4 86400
  1 432000
  17 864000
  10 86.4
  4 864
  1 4320
  4 8640
  1 43200
  4 86400
  1 432000
  17 864000
  10 86.4
  4 864
  1 4320
  4 8640
  1 43200
  4 86400
  1 432000
  17 864000
  10 86.4
  4 864
  1 4320
  4 8640
  1 43200
  4 86400
  1 432000
  17 864000
  10 86.4
  4 864
  1 4320
  4 8640
  1 43200
  4 86400
  1 432000
  17 864000
  10 86.4
  4 864
  1 4320
  4 8640
  1 43200
  4 86400
  1 432000
  17 864000
  10 86.4
  4 864
  1 4320
  4 8640
  1 43200
  4 86400
  1 432000
  17 864000
  10 86.4
  4 864
  1 4320
  4 8640
  1 43200
  4 86400
  1 432000
  17 864000
  10 86.4
  4 864
  1 4320
  4 8640
  1 43200
  4 86400
  1 432000
  17 864000
  10 86.4
  4 864
  1 4320
  4 8640
  1 43200
  4 86400
  1 432000
  17 864000
  10 86.4
  4 864
  1 4320
  4 8640
  1 43200
  4 86400
  1 432000
  17 864000
  10 86.4
  4 864
  1 4320
  4 8640
  1 43200
  4 86400
  1 432000
  17 864000
  10 86.4
  4 864
  1 4320
  4 8640
  1 43200
  4 86400
  1 432000
  17 864000
  10 86.4
  4 864
  1 4320
  4 8640
  1 43200
  4 86400
  1 432000
  17 864000
  10 86.4
  4 864
  1 4320
  4 8640
  1 43200
  4 86400
  1 432000
  17 864000
  10 86.4
  4 864
  1 4320
  4 8640
  1 43200
  4 86400
  1 432000
  17 864000
  10 86.4
  4 864
  1 4320
  4 8640
  1 43200
  4 86400
  1 432000
  17 864000
  10 86.4
  4 864
  1 4320
  4 8640
  1 43200
  4 86400
  1 432000
  17 864000
  10 86.4
  4 864
  1 4320
  4 8640
  1 43200
  4 86400
  1 432000
  17 864000
  10 86.4
  4 864
  1 4320
  4 8640
  1 43200
  4 86400
  1 432000
  17 864000
  10 86.4
  4 864
  1 4320
  4 8640
  1 43200
  4 86400
  1 432000
  17 864000
  10 86.4
  4 864
  1 4320
  4 8640
  1 43200
  4 86400
  1 432000
  17 864000
 $TIME_END
  1e30
 $TIME_START
  0.0  
#STOP
